https://www.geeksforgeeks.org/seaborn-color-palette/

https://seaborn.pydata.org/generated/seaborn.catplot.html
https://archive.ics.uci.edu/ml/machine-learning-databases/wine-quality/

https://raw.githubusercontent.com/southkorea/seoul-maps/master/kostat/2013/json/seoul_municipalities_geo_simple.json

블록맵 데이터 : data_draw_korea.csv


BORDER_LINES = [
    [(3, 2), (5, 2), (5, 3), (9, 3), (9, 1)], # 인천
    [(2, 5), (3, 5), (3, 4), (8, 4), (8, 7), (7, 7), (7, 9), (4, 9), (4, 7), (1, 7)], # 서울
    [(1, 6), (1, 9), (3, 9), (3, 10), (8, 10), (8, 9),
     (9, 9), (9, 8), (10, 8), (10, 5), (9, 5), (9, 3)], # 경기도
    [(9, 12), (9, 10), (8, 10)], # 강원도
    [(10, 5), (11, 5), (11, 4), (12, 4), (12, 5), (13, 5),
     (13, 4), (14, 4), (14, 2)], # 충청남도
    [(11, 5), (12, 5), (12, 6), (15, 6), (15, 7), (13, 7),
     (13, 8), (11, 8), (11, 9), (10, 9), (10, 8)], # 충청북도
    [(14, 4), (15, 4), (15, 6)], # 대전시
    [(14, 7), (14, 9), (13, 9), (13, 11), (13, 13)], # 경상북도
    [(14, 8), (16, 8), (16, 10), (15, 10),
     (15, 11), (14, 11), (14, 12), (13, 12)], # 대구시
    [(15, 11), (16, 11), (16, 13)], # 울산시
    [(17, 1), (17, 3), (18, 3), (18, 6), (15, 6)], # 전라북도
    [(19, 2), (19, 4), (21, 4), (21, 3), (22, 3), (22, 2), (19, 2)], # 광주시
    [(18, 5), (20, 5), (20, 6)], # 전라남도
    [(16, 9), (18, 9), (18, 8), (19, 8), (19, 9), (20, 9), (20, 10)], # 부산시
]


1.2010~2020 사이 인구 증감율을 블록맵으로 작성하라.
2.서울시 구별 5대 중대범죄율로 크로노스맵을 작성하라.


1.word_data txt 파일을 사용하여 konlpy를 사용하여
noun(명사)를 추출하고 wordcloud를 작성하여 templates/image에 저장하고 웹페이지에 표시하라.

2.다음영화에서 영화제목, 평점, 예매율, 개봉일, 이미지 크롤링하여 mysql에 저장